 a = 20.504033 b = -23.909985 c = 14.590013 d = -6.500250 e = 31.179855
 a = 20.504041 b = -23.909985 c = 14.590013 d = -6.500249 e = 31.179855
